    1   1758.1    126.6   1303.4      0.0   7075.1    192.9   6336.3      0.0    -28.0
    2   2864.5    291.6   2422.2      0.0   4445.3    192.3   6336.3      0.0    -28.0
    3   3922.6    419.1   3519.8      0.0   3396.6    192.3   6336.3      0.0    -28.0
    4   5046.7    574.3   4725.1      0.0   2835.6    192.4   6336.3      0.0    -28.0
    5   6066.3    732.3   5932.0      0.0   2556.5    192.3   6336.3      0.0    -28.0
    6   7074.6    880.6   7098.1      0.0   2493.6    192.3   6336.3      0.0    -28.0
    7   7989.4   1017.3   8270.0      0.0   2452.0    192.2   6336.3      0.0    -28.0
    8   8907.5   1184.4   9470.6      0.0   2517.7    192.2   6336.3      0.0    -28.0
    9   9772.7   1345.1  10609.1      0.0   2423.5    192.0   6336.3      0.0    -28.0
   10  10627.2   1504.8  11743.0      0.0   2412.0    192.1   6336.3      0.0    -28.0
   11  11458.6   1701.3  12889.1      0.0   2410.6    192.0   6336.3      0.0    -28.0
   12  12314.7   1883.1  14041.7      0.0   2412.0    191.9   6336.3      0.0    -28.0
