    1   1737.1    115.9   1381.6      0.0   7387.5   1352.9   5889.5      0.0    -28.0
    2   2783.0    290.3   2441.3      0.0   4406.0   1348.8   5889.5      0.0    -28.0
    3   3854.4    448.9   3687.8      0.0   3382.4   1346.4   5889.5      0.0    -28.0
    4   4962.4    597.6   4901.0      0.0   2879.9   1345.2   5889.5      0.0    -28.0
    5   6004.7    754.2   6113.9      0.0   2613.8   1345.6   5889.5      0.0    -28.0
    6   7020.2    897.8   7428.6      0.0   2546.1   1345.9   5889.5      0.0    -28.0
    7   7966.9   1064.1   8623.2      0.0   2499.0   1346.7   5889.5      0.0    -28.0
    8   8871.7   1253.2   9763.2      0.0   2404.0   1346.1   5889.5      0.0    -28.0
    9   9786.6   1403.8  10898.0      0.0   2377.4   1345.6   5889.5      0.0    -28.0
   10  10678.9   1579.5  12117.9      0.0   2371.0   1346.0   5889.5      0.0    -28.0
   11  11521.1   1748.7  13304.7      0.0   2349.5   1345.2   5889.5      0.0    -28.0
   12  12386.4   1928.8  14550.9      0.0   2365.7   1345.0   5889.5      0.0    -28.0
