   1   20.27    2.32    0.95    9.48    0.08    0.05    9.48    1.04    0.20    1.00    1.04    0.13    1.00    1.04    0.03    1.00    1.40    0.10    0.00     NaN    0.00
   2   26.90    3.14    0.88    6.36    0.08    0.04    6.36    0.69    0.31    1.00    0.69    0.18    1.00    0.69    0.03    1.00    0.93    0.09    0.00     NaN    0.00
   3   35.23    3.14    0.81    4.60    0.08    0.05    4.60    0.63    0.35    1.00    0.63    0.21    1.00    0.46    0.04    1.00    0.61    0.15    0.00     NaN    0.00
   4   40.00    3.14    0.80    4.00    0.08    0.04    4.00    0.63    0.38    1.00    0.63    0.22    1.00    0.30    0.07    1.00    0.41    0.21    0.00     NaN    0.00
   5   40.00    3.14    0.75    4.00    0.08    0.05    4.00    0.63    0.37    1.00    0.63    0.23    1.00    0.20    0.10    1.00    0.27    0.33    0.00     NaN    0.00
   6   40.00    3.14    0.74    4.00    0.08    0.05    4.00    0.63    0.38    1.00    0.63    0.21    1.00    0.16    0.13    1.00    0.18    0.45    0.00     NaN    0.00
   7   40.00    3.14    0.74    4.00    0.08    0.05    4.00    0.63    0.38    1.00    0.63    0.21    1.00    0.16    0.12    1.00    0.16    0.49    0.00     NaN    0.00
   8   40.00    3.14    0.71    4.00    0.08    0.06    4.00    0.63    0.36    1.00    0.63    0.24    1.00    0.16    0.12    1.00    0.16    0.48    0.00     NaN    0.00
   9   40.00    3.14    0.68    4.00    0.08    0.05    4.00    0.63    0.37    1.00    0.63    0.23    1.00    0.16    0.12    1.00    0.17    0.51    0.00     NaN    0.00
  10   40.00    3.14    0.67    4.00    0.08    0.06    4.00    0.63    0.37    1.00    0.63    0.21    1.00    0.16    0.11    1.00    0.16    0.49    0.00     NaN    0.00
  11   40.00    3.14    0.66    4.00    0.08    0.05    4.00    0.63    0.37    1.00    0.63    0.21    1.00    0.16    0.12    1.00    0.17    0.51    0.00     NaN    0.00
  12   40.00    3.14    0.68    4.00    0.08    0.06    4.00    0.63    0.38    1.00    0.63    0.23    1.00    0.16    0.12    1.00    0.19    0.51    0.00     NaN    0.00
