   1   20.27    2.32    0.96    9.48    0.08    0.04    9.48    1.04    0.21    1.00    1.04    0.13    1.00    1.15    0.03    1.00    1.35    0.10    0.00     NaN    0.00
   2   26.90    3.14    0.89    6.36    0.08    0.05    6.36    0.69    0.33    1.00    0.69    0.18    1.00    0.76    0.02    1.00    0.89    0.08    0.00     NaN    0.00
   3   35.23    3.14    0.84    4.60    0.08    0.04    4.60    0.63    0.35    1.00    0.63    0.21    1.00    0.51    0.04    1.00    0.59    0.13    0.00     NaN    0.00
   4   40.00    3.14    0.79    4.00    0.08    0.04    4.00    0.63    0.38    1.00    0.63    0.20    1.00    0.34    0.05    1.00    0.39    0.23    0.00     NaN    0.00
   5   40.00    3.14    0.78    4.00    0.08    0.05    4.00    0.63    0.34    1.00    0.63    0.21    1.00    0.22    0.08    1.00    0.26    0.32    0.00     NaN    0.00
   6   40.00    3.14    0.77    4.00    0.08    0.05    4.00    0.63    0.36    1.00    0.63    0.20    1.00    0.16    0.11    1.00    0.17    0.44    0.00     NaN    0.00
   7   40.00    3.14    0.74    4.00    0.08    0.04    4.00    0.63    0.38    1.00    0.63    0.23    1.00    0.16    0.12    1.00    0.16    0.51    0.00     NaN    0.00
   8   40.00    3.14    0.72    4.00    0.08    0.03    4.00    0.63    0.39    1.00    0.63    0.21    1.00    0.16    0.14    1.00    0.17    0.51    0.00     NaN    0.00
   9   40.00    3.14    0.70    4.00    0.08    0.04    4.00    0.63    0.36    1.00    0.63    0.19    1.00    0.16    0.12    1.00    0.19    0.50    0.00     NaN    0.00
  10   40.00    3.14    0.69    4.00    0.08    0.03    4.00    0.63    0.40    1.00    0.63    0.23    1.00    0.16    0.10    1.00    0.17    0.51    0.00     NaN    0.00
  11   40.00    3.14    0.67    4.00    0.08    0.06    4.00    0.63    0.40    1.00    0.63    0.22    1.00    0.16    0.10    1.00    0.16    0.53    0.00     NaN    0.00
  12   40.00    3.14    0.66    4.00    0.08    0.05    4.00    0.63    0.38    1.00    0.63    0.22    1.00    0.16    0.11    1.00    0.16    0.52    0.00     NaN    0.00
