0.295858,0.000000
0.100000,12.173149
0.107227,12.223241
0.114976,12.280629
0.123285,12.346344
0.132194,12.421547
0.141747,12.507552
0.151991,12.605835
0.162975,12.718052
0.174753,12.846055
0.187382,12.991903
0.200923,13.157877
0.215443,13.346495
0.231013,13.560511
0.247708,13.802926
0.265609,14.076985
0.284804,14.386166
0.305386,14.734166
0.327455,15.124880
0.351119,15.562368
0.376494,16.050821
0.403702,16.594519
0.432876,17.197794
0.464159,17.864992
0.497702,18.600447
0.533670,19.408478
0.572237,20.293392
0.613591,21.259534
0.657933,22.311341
0.705480,23.453444
0.756463,24.690766
0.811131,26.028652
0.869749,27.472981
0.932603,29.030276
1.000000,30.707784
1.072267,32.513536
1.149757,34.456369
1.232847,36.545934
1.321941,38.792678
1.417474,41.207835
1.519911,43.803421
1.629751,46.592250
1.747528,49.587982
1.873817,52.805192
2.009233,56.259471
2.154435,59.967533
2.310130,63.947336
2.477076,68.218198
2.656088,72.800905
2.848036,77.717821
3.053856,82.992993
3.274549,88.652269
3.511192,94.723429
3.764936,101.236353
4.037017,108.223242
4.328761,115.718930
4.641589,123.761419
4.977024,132.392946
5.336699,141.662594
5.722368,151.633453
6.135907,162.399278
6.579332,174.067360
7.054802,186.538746
7.564633,199.713761
8.111308,213.802214
8.697490,228.927352
9.326033,245.153267
10.000000,262.553605
10.722672,281.215975
11.497570,301.242096
12.328467,322.773759
13.219411,345.988861
14.174742,370.726858
15.199111,397.183890
16.297508,425.573526
17.475284,456.027261
18.738174,488.746994
20.092330,523.979251
21.544347,562.014843
23.101297,602.952820
24.770764,646.867887
26.560878,694.030808
28.480359,744.430006
30.538555,798.473692
32.745492,856.480015
35.111917,918.492906
37.649358,984.984796
40.370173,1056.222928
43.287613,1132.483562
46.415888,1214.231530
49.770236,1301.738618
53.366992,1395.517697
57.223677,1495.980325
61.359073,1603.570617
65.793322,1718.890385
70.548023,1842.454543
75.646333,1974.841211
81.113083,2116.720972
86.974900,2268.791120
93.260335,2431.788712
100.000000,2606.509092
