2.484813,3.676985
0.100000,16102.180907
0.107227,15945.717446
0.114976,15889.046546
0.123285,15896.644881
0.132194,15931.405107
0.141747,15961.371866
0.151991,15967.726098
0.162975,15949.249067
0.174753,15918.893544
0.187382,15892.849612
0.200923,15878.576557
0.215443,15870.507470
0.231013,15857.288464
0.247708,15833.838623
0.265609,15804.815414
0.284804,15775.488686
0.305386,15743.785148
0.327455,15705.352563
0.351119,15660.511353
0.376494,15610.054551
0.403702,15551.777988
0.432876,15484.576433
0.464159,15407.600407
0.497702,15318.975192
0.533670,15217.214338
0.572237,15100.250274
0.613591,14965.903284
0.657933,14811.578857
0.705480,14634.371030
0.756463,14430.942825
0.811131,14197.508414
0.869749,13929.782824
0.932603,13622.937075
1.000000,13271.567881
1.072267,12869.687290
1.149757,12410.750237
1.232847,11887.747106
1.321941,11293.403154
1.417474,10620.549050
1.519911,9862.758812
1.629751,9015.393732
1.747528,8077.237876
1.873817,7052.938747
2.009233,5956.407786
2.154435,4815.033313
2.310130,3673.731497
2.477076,2596.220412
2.656088,1658.818841
2.848036,932.062268
3.053856,452.443479
3.274549,200.929862
3.511192,110.300311
3.764936,101.294664
4.037017,117.537444
4.328761,134.216278
4.641589,146.866737
4.977024,157.747316
5.336699,168.957933
5.722368,181.202074
6.135907,194.485863
6.579332,208.727123
7.054802,223.924480
7.564633,240.106316
8.111308,257.196402
8.697490,274.531380
9.326033,287.799770
10.000000,285.948076
10.722672,303.876641
11.497570,329.213244
12.328467,353.339358
13.219411,378.804767
14.174742,405.976824
15.199111,433.503893
16.297508,452.174916
17.475284,482.604074
18.738174,518.926375
20.092330,556.132501
21.544347,593.742272
23.101297,625.357789
24.770764,671.401612
26.560878,718.972870
28.480359,765.796895
30.538555,816.380683
32.745492,875.114314
35.111917,932.621627
37.649358,998.354759
40.370173,1068.802127
43.287613,1141.368561
46.415888,1223.137398
49.770236,1307.516193
53.366992,1400.394051
57.223677,1499.657244
61.359073,1604.391405
65.793322,1719.787890
70.548023,1842.643662
75.646333,1973.613061
81.113083,2114.207977
86.974900,2265.352716
93.260335,2427.749041
100.000000,2602.134981
