3.214569,4.294684
0.100000,4246.649520
0.107227,3803.770895
0.114976,3420.564172
0.123285,3089.512430
0.132194,2804.102541
0.141747,2558.687289
0.151991,2348.364253
0.162975,2168.866315
0.174753,2016.459260
0.187382,1887.842606
0.200923,1780.053353
0.215443,1690.370504
0.231013,1616.223331
0.247708,1555.109848
0.265609,1504.538192
0.284804,1462.007329
0.305386,1425.042750
0.327455,1391.290449
0.351119,1358.650339
0.376494,1325.406031
0.403702,1290.300418
0.432876,1252.527766
0.464159,1211.653841
0.497702,1167.507919
0.533670,1120.091867
0.572237,1069.526822
0.613591,1016.031743
0.657933,959.917525
0.705480,901.583724
0.756463,841.511876
0.811131,780.253727
0.869749,718.414514
0.932603,656.632263
1.000000,595.554614
1.072267,535.814959
1.149757,478.009807
1.232847,422.679056
1.321941,370.290490
1.417474,321.229202
1.519911,275.792125
1.629751,234.187256
1.747528,196.536787
1.873817,162.883128
2.009233,133.196747
2.154435,107.384855
2.310130,85.300159
2.477076,66.749205
2.656088,51.500067
2.848036,39.289446
3.053856,29.829394
3.274549,22.814014
3.511192,17.926493
3.764936,14.846746
4.037017,13.259745
4.328761,12.864278
4.641589,13.381513
4.977024,14.562713
5.336699,16.195394
5.722368,18.107121
6.135907,20.166055
6.579332,22.277496
7.054802,24.375407
7.564633,26.407196
8.111308,28.309976
8.697490,29.987373
9.326033,31.353309
10.000000,32.573651
10.722672,34.193627
11.497570,36.514462
12.328467,39.314271
13.219411,42.304499
14.174742,45.292096
15.199111,48.144385
16.297508,51.040924
17.475284,54.496467
18.738174,58.475373
20.092330,62.614042
21.544347,66.750614
23.101297,71.263699
24.770764,76.365277
26.560878,81.685076
28.480359,87.258126
30.538555,93.453807
32.745492,99.983049
35.111917,106.970396
37.649358,114.548059
40.370173,122.572991
43.287613,131.269240
46.415888,140.524782
49.770236,150.492007
53.366992,161.170587
57.223677,172.603474
61.359073,184.883607
65.793322,198.050369
70.548023,212.162273
75.646333,227.293698
81.113083,243.520299
86.974900,260.920710
93.260335,279.578817
100.000000,299.584516
