5.764512,4.354225
0.100000,711.387366
0.107227,624.959083
0.114976,549.800232
0.123285,484.443581
0.132194,427.613928
0.141747,378.200010
0.151991,335.236338
0.162975,297.881283
0.174753,265.402261
0.187382,237.160500
0.200923,212.598173
0.215443,191.227325
0.231013,172.619846
0.247708,156.398678
0.265609,142.230065
0.284804,129.816886
0.305386,118.893051
0.327455,109.219212
0.351119,100.579986
0.376494,92.782935
0.403702,85.659353
0.432876,79.066538
0.464159,72.890659
0.497702,67.048831
0.533670,61.488904
0.572237,56.186032
0.613591,51.136252
0.657933,46.348464
0.705480,41.836729
0.756463,37.614408
0.811131,33.690699
0.869749,30.069256
0.932603,26.748168
1.000000,23.720641
1.072267,20.975927
1.149757,18.500293
1.232847,16.277939
1.321941,14.291797
1.417474,12.524217
1.519911,10.957527
1.629751,9.574467
1.747528,8.358520
1.873817,7.294142
2.009233,6.366921
2.154435,5.563661
2.310130,4.872426
2.477076,4.282538
2.656088,3.784549
2.848036,3.370190
3.053856,3.032303
3.274549,2.764763
3.511192,2.562382
3.764936,2.420803
4.037017,2.336371
4.328761,2.305985
4.641589,2.326922
4.977024,2.396635
5.336699,2.512540
5.722368,2.671861
6.135907,2.871620
6.579332,3.108917
7.054802,3.381536
7.564633,3.688652
8.111308,4.031068
8.697490,4.410524
9.326033,4.828396
10.000000,5.284881
10.722672,5.779442
11.497570,6.311871
12.328467,6.882526
13.219411,7.491542
14.174742,8.138594
15.199111,8.823694
16.297508,9.547499
17.475284,10.311003
18.738174,11.115856
20.092330,11.964619
21.544347,12.860675
23.101297,13.808388
24.770764,14.813051
26.560878,15.880853
28.480359,17.018781
30.538555,18.234504
32.745492,19.536224
35.111917,20.932534
37.649358,22.432287
40.370173,24.044485
43.287613,25.778220
46.415888,27.642659
49.770236,29.647089
53.366992,31.801017
57.223677,34.114317
61.359073,36.597409
65.793322,39.261456
70.548023,42.118549
75.646333,45.181872
81.113083,48.465831
86.974900,51.986146
93.260335,55.759901
100.000000,59.805578
