0.295858,0.000000
0.100000,1.197257
0.107227,1.199325
0.114976,1.201703
0.123285,1.204436
0.132194,1.207577
0.141747,1.211187
0.151991,1.215335
0.162975,1.220102
0.174753,1.225580
0.187382,1.231874
0.200923,1.239105
0.215443,1.247411
0.231013,1.256950
0.247708,1.267904
0.265609,1.280482
0.284804,1.294919
0.305386,1.311488
0.327455,1.330497
0.351119,1.352300
0.376494,1.377297
0.403702,1.405945
0.432876,1.438761
0.464159,1.476331
0.497702,1.519317
0.533670,1.568464
0.572237,1.624610
0.613591,1.688691
0.657933,1.761753
0.705480,1.844953
0.756463,1.939570
0.811131,2.047007
0.869749,2.168790
0.932603,2.306568
1.000000,2.462106
1.072267,2.637269
1.149757,2.834011
1.232847,3.054340
1.321941,3.300293
1.417474,3.573892
1.519911,3.877099
1.629751,4.211770
1.747528,4.579602
1.873817,4.982094
2.009233,5.420508
2.154435,5.895859
2.310130,6.408915
2.477076,6.960240
2.656088,7.550256
2.848036,8.179347
3.053856,8.847986
3.274549,9.556891
3.511192,10.307186
3.764936,11.100567
4.037017,11.939466
4.328761,12.827187
4.641589,13.768033
4.977024,14.767418
5.336699,15.831956
5.722368,16.969458
6.135907,18.188548
6.579332,19.497316
7.054802,20.901169
7.564633,22.403047
8.111308,24.008185
8.697490,25.726981
9.326033,27.572250
10.000000,29.556398
10.722672,31.691157
11.497570,33.988375
12.328467,36.459762
13.219411,39.113699
14.174742,41.955286
15.199111,44.996213
16.297508,48.255489
17.475284,51.753210
18.738174,55.507352
20.092330,59.530106
21.544347,63.838203
23.101297,68.458616
24.770764,73.416820
26.560878,78.730948
28.480359,84.427328
30.538555,90.538820
32.745492,97.090266
35.111917,104.115034
37.649358,111.648838
40.370173,119.725481
43.287613,128.387236
46.415888,137.673826
49.770236,147.632206
53.366992,158.310100
57.223677,169.759365
61.359073,182.036373
65.793322,195.200590
70.548023,209.316041
75.646333,224.451567
81.113083,240.680918
86.974900,258.083134
93.260335,276.742960
100.000000,296.751263
