0.295858,0.000000
0.100000,0.119056
0.107227,0.119163
0.114976,0.119286
0.123285,0.119427
0.132194,0.119589
0.141747,0.119776
0.151991,0.119990
0.162975,0.120237
0.174753,0.120521
0.187382,0.120847
0.200923,0.121222
0.215443,0.121653
0.231013,0.122148
0.247708,0.122718
0.265609,0.123373
0.284804,0.124126
0.305386,0.124991
0.327455,0.125987
0.351119,0.127131
0.376494,0.128446
0.403702,0.129958
0.432876,0.131696
0.464159,0.133694
0.497702,0.135990
0.533670,0.138630
0.572237,0.141664
0.613591,0.145151
0.657933,0.149159
0.705480,0.153764
0.756463,0.159056
0.811131,0.165136
0.869749,0.172120
0.932603,0.180144
1.000000,0.189359
1.072267,0.199940
1.149757,0.212089
1.232847,0.226034
1.321941,0.242036
1.417474,0.260393
1.519911,0.281446
1.629751,0.305580
1.747528,0.333234
1.873817,0.364906
2.009233,0.401159
2.154435,0.442629
2.310130,0.490031
2.477076,0.544169
2.656088,0.605940
2.848036,0.676346
3.053856,0.756498
3.274549,0.847619
3.511192,0.951053
3.764936,1.068264
4.037017,1.200830
4.328761,1.350438
4.641589,1.518871
4.977024,1.707975
5.336699,1.919628
5.722368,2.155693
6.135907,2.417962
6.579332,2.708119
7.054802,3.027688
7.564633,3.378011
8.111308,3.760208
8.697490,4.175140
9.326033,4.623377
10.000000,5.105196
10.722672,5.620619
11.497570,6.169504
12.328467,6.751653
13.219411,7.366924
14.174742,8.015382
15.199111,8.697470
16.297508,9.414174
17.475284,10.167157
18.738174,10.958884
20.092330,11.792699
21.544347,12.672863
23.101297,13.604548
24.770764,14.593785
26.560878,15.647371
28.480359,16.772759
30.538555,17.977916
32.745492,19.271182
35.111917,20.661136
37.649358,22.156485
40.370173,23.765986
43.287613,25.498415
46.415888,27.362591
49.770236,29.367454
53.366992,31.522194
57.223677,33.836423
61.359073,36.320366
65.793322,38.985060
70.548023,41.842540
75.646333,44.905990
81.113083,48.189857
86.974900,51.709919
93.260335,55.483328
100.000000,59.528625
