0.100000,0.247910
0.107227,0.247980
0.114976,0.248060
0.123285,0.248152
0.132194,0.248258
0.141747,0.248378
0.151991,0.248517
0.162975,0.248675
0.174753,0.248856
0.187382,0.249064
0.200923,0.249300
0.215443,0.249571
0.231013,0.249879
0.247708,0.250230
0.265609,0.250629
0.284804,0.251083
0.305386,0.251597
0.327455,0.252179
0.351119,0.252837
0.376494,0.253578
0.403702,0.254411
0.432876,0.255346
0.464159,0.256392
0.497702,0.257559
0.533670,0.258858
0.572237,0.260300
0.613591,0.261898
0.657933,0.263667
0.705480,0.265625
0.756463,0.267796
0.811131,0.270211
0.869749,0.272911
0.932603,0.275952
1.000000,0.279412
1.072267,0.283389
1.149757,0.288011
1.232847,0.293438
1.321941,0.299861
1.417474,0.307512
1.519911,0.316662
1.629751,0.327634
1.747528,0.340826
1.873817,0.356732
2.009233,0.375974
2.154435,0.399314
2.310130,0.427631
2.477076,0.461829
2.656088,0.502639
2.848036,0.550209
3.053856,0.603388
3.274549,0.658720
3.511192,0.709671
3.764936,0.747213
4.037017,0.762638
4.328761,0.751696
4.641589,0.717063
4.977024,0.666866
5.336699,0.610505
5.722368,0.555189
6.135907,0.504912
6.579332,0.461136
7.054802,0.423885
7.564633,0.392616
8.111308,0.366724
8.697490,0.345650
9.326033,0.328444
10.000000,0.312901
10.722672,0.296125
11.497570,0.277310
12.328467,0.258105
13.219411,0.240198
14.174742,0.224362
15.199111,0.210623
16.297508,0.198008
17.475284,0.185292
18.738174,0.172786
20.092330,0.161349
21.544347,0.151127
23.101297,0.141405
24.770764,0.131971
26.560878,0.123317
28.480359,0.115332
30.538555,0.107672
32.745492,0.100592
35.111917,0.093975
37.649358,0.087739
40.370173,0.081956
43.287613,0.076510
46.415888,0.071445
49.770236,0.066697
53.366992,0.062262
57.223677,0.058123
61.359073,0.054251
65.793322,0.050634
70.548023,0.047257
75.646333,0.044103
81.113083,0.041158
86.974900,0.038407
93.260335,0.035839
100.000000,0.033441
