0.100000,5.347467
0.107227,5.343302
0.114976,5.338520
0.123285,5.333031
0.132194,5.326732
0.141747,5.319505
0.151991,5.311217
0.162975,5.301715
0.174753,5.290827
0.187382,5.278355
0.200923,5.264079
0.215443,5.247746
0.231013,5.229076
0.247708,5.207753
0.265609,5.183421
0.284804,5.155690
0.305386,5.124125
0.327455,5.088248
0.351119,5.047540
0.376494,5.001441
0.403702,4.949351
0.432876,4.890641
0.464159,4.824661
0.497702,4.750754
0.533670,4.668278
0.572237,4.576630
0.613591,4.475278
0.657933,4.363803
0.705480,4.241941
0.756463,4.109636
0.811131,3.967087
0.869749,3.814796
0.932603,3.653605
1.000000,3.484718
1.072267,3.309685
1.149757,3.130371
1.232847,2.948870
1.321941,2.767395
1.417474,2.588139
1.519911,2.413137
1.629751,2.244146
1.747528,2.082567
1.873817,1.929429
2.009233,1.785409
2.154435,1.650888
2.310130,1.525991
2.477076,1.410626
2.656088,1.304503
2.848036,1.207177
3.053856,1.118101
3.274549,1.036665
3.511192,0.962229
3.764936,0.894140
4.037017,0.831758
4.328761,0.774475
4.641589,0.721718
4.977024,0.672964
5.336699,0.627738
5.722368,0.585626
6.135907,0.546291
6.579332,0.509516
7.054802,0.475225
7.564633,0.443394
8.111308,0.413883
8.697490,0.386427
9.326033,0.360769
10.000000,0.336730
10.722672,0.314188
11.497570,0.293049
12.328467,0.273242
13.219411,0.254742
14.174742,0.237539
15.199111,0.221549
16.297508,0.206641
17.475284,0.192714
18.738174,0.179705
20.092330,0.167586
21.544347,0.156305
23.101297,0.145779
24.770764,0.135949
26.560878,0.126789
28.480359,0.118250
30.538555,0.110279
32.745492,0.102849
35.111917,0.095919
37.649358,0.089454
40.370173,0.083427
43.287613,0.077805
46.415888,0.072562
49.770236,0.067672
53.366992,0.063111
57.223677,0.058858
61.359073,0.054892
65.793322,0.051193
70.548023,0.047743
75.646333,0.044525
81.113083,0.041525
86.974900,0.038726
93.260335,0.036116
100.000000,0.033682
