0.100000,0.247904
0.107227,0.247973
0.114976,0.248053
0.123285,0.248145
0.132194,0.248250
0.141747,0.248371
0.151991,0.248509
0.162975,0.248669
0.174753,0.248851
0.187382,0.249061
0.200923,0.249302
0.215443,0.249579
0.231013,0.249896
0.247708,0.250260
0.265609,0.250677
0.284804,0.251155
0.305386,0.251702
0.327455,0.252329
0.351119,0.253045
0.376494,0.253865
0.403702,0.254801
0.432876,0.255869
0.464159,0.257088
0.497702,0.258477
0.533670,0.260057
0.572237,0.261855
0.613591,0.263896
0.657933,0.266212
0.705480,0.268837
0.756463,0.271807
0.811131,0.275167
0.869749,0.278962
0.932603,0.283245
1.000000,0.288078
1.072267,0.293526
1.149757,0.299668
1.232847,0.306589
1.321941,0.314384
1.417474,0.323156
1.519911,0.333012
1.629751,0.344058
1.747528,0.356386
1.873817,0.370055
2.009233,0.385074
2.154435,0.401366
2.310130,0.418729
2.477076,0.436789
2.656088,0.454954
2.848036,0.472372
3.053856,0.487926
3.274549,0.500282
3.511192,0.508018
3.764936,0.509836
4.037017,0.504830
4.328761,0.492721
4.641589,0.473979
4.977024,0.449758
5.336699,0.421675
5.722368,0.391484
6.135907,0.360784
6.579332,0.330819
7.054802,0.302393
7.564633,0.275916
8.111308,0.251519
8.697490,0.229190
9.326033,0.208875
10.000000,0.190502
10.722672,0.173970
11.497570,0.159136
12.328467,0.145838
13.219411,0.133919
14.174742,0.123235
15.199111,0.113648
16.297508,0.105025
17.475284,0.097248
18.738174,0.090210
20.092330,0.083814
21.544347,0.077978
23.101297,0.072629
24.770764,0.067703
26.560878,0.063150
28.480359,0.058925
30.538555,0.054992
32.745492,0.051323
35.111917,0.047893
37.649358,0.044686
40.370173,0.041683
43.287613,0.038874
46.415888,0.036247
49.770236,0.033792
53.366992,0.031499
57.223677,0.029360
61.359073,0.027364
65.793322,0.025505
70.548023,0.023773
75.646333,0.022159
81.113083,0.020656
86.974900,0.019256
93.260335,0.017951
100.000000,0.016736
