0.100000,0.248244
0.107227,0.248361
0.114976,0.248495
0.123285,0.248648
0.132194,0.248822
0.141747,0.249020
0.151991,0.249245
0.162975,0.249500
0.174753,0.249788
0.187382,0.250113
0.200923,0.250479
0.215443,0.250889
0.231013,0.251347
0.247708,0.251856
0.265609,0.252419
0.284804,0.253039
0.305386,0.253715
0.327455,0.254447
0.351119,0.255234
0.376494,0.256069
0.403702,0.256945
0.432876,0.257852
0.464159,0.258775
0.497702,0.259699
0.533670,0.260608
0.572237,0.261486
0.613591,0.262324
0.657933,0.263122
0.705480,0.263898
0.756463,0.264695
0.811131,0.265585
0.869749,0.266672
0.932603,0.268095
1.000000,0.270006
1.072267,0.272557
1.149757,0.275862
1.232847,0.279974
1.321941,0.284878
1.417474,0.290540
1.519911,0.297011
1.629751,0.304591
1.747528,0.313952
1.873817,0.326129
2.009233,0.342321
2.154435,0.363702
2.310130,0.391723
2.477076,0.429251
2.656088,0.481622
2.848036,0.554838
3.053856,0.648424
3.274549,0.746538
3.511192,0.819157
3.764936,0.841143
4.037017,0.813934
4.328761,0.762165
4.641589,0.708177
4.977024,0.658970
5.336699,0.613988
5.722368,0.572211
6.135907,0.533207
6.579332,0.496928
7.054802,0.463369
7.564633,0.432565
8.111308,0.404776
8.697490,0.380976
9.326033,0.363713
10.000000,0.351828
10.722672,0.332622
11.497570,0.309442
12.328467,0.288228
13.219411,0.268783
14.174742,0.250942
15.199111,0.235367
16.297508,0.223286
17.475284,0.209445
18.738174,0.195033
20.092330,0.181958
21.544347,0.170454
23.101297,0.160794
24.770764,0.150053
26.560878,0.140068
28.480359,0.131343
30.538555,0.123020
32.745492,0.114760
35.111917,0.107522
37.649358,0.100433
40.370173,0.093798
43.287613,0.087746
46.415888,0.081884
49.770236,0.076547
53.366992,0.071462
57.223677,0.066716
61.359073,0.062330
65.793322,0.058155
70.548023,0.054273
75.646333,0.050663
81.113083,0.047288
86.974900,0.044130
93.260335,0.041177
100.000000,0.038418
