0.100000,1.942145
0.107227,1.941801
0.114976,1.941405
0.123285,1.940951
0.132194,1.940429
0.141747,1.939829
0.151991,1.939140
0.162975,1.938348
0.174753,1.937439
0.187382,1.936394
0.200923,1.935195
0.215443,1.933819
0.231013,1.932240
0.247708,1.930428
0.265609,1.928349
0.284804,1.925966
0.305386,1.923235
0.327455,1.920107
0.351119,1.916525
0.376494,1.912427
0.403702,1.907741
0.432876,1.902388
0.464159,1.896278
0.497702,1.889311
0.533670,1.881378
0.572237,1.872357
0.613591,1.862114
0.657933,1.850505
0.705480,1.837375
0.756463,1.822557
0.811131,1.805878
0.869749,1.787160
0.932603,1.766220
1.000000,1.742882
1.072267,1.716975
1.149757,1.688347
1.232847,1.656870
1.321941,1.622446
1.417474,1.585026
1.519911,1.544609
1.629751,1.501256
1.747528,1.455097
1.873817,1.406331
2.009233,1.355228
2.154435,1.302125
2.310130,1.247414
2.477076,1.191531
2.656088,1.134937
2.848036,1.078099
3.053856,1.021469
3.274549,0.965464
3.511192,0.910453
3.764936,0.856740
4.037017,0.804560
4.328761,0.754080
4.641589,0.705411
4.977024,0.658627
5.336699,0.613809
5.722368,0.571091
6.135907,0.530721
6.579332,0.493071
7.054802,0.458544
7.564633,0.427364
8.111308,0.399378
8.697490,0.374048
9.326033,0.350682
10.000000,0.328673
10.722672,0.307635
11.497570,0.287415
12.328467,0.268101
13.219411,0.249982
14.174742,0.233306
15.199111,0.217987
16.297508,0.203697
17.475284,0.190176
18.738174,0.177408
20.092330,0.165545
21.544347,0.154577
23.101297,0.144300
24.770764,0.134630
26.560878,0.125640
28.480359,0.117269
30.538555,0.109413
32.745492,0.102098
35.111917,0.095269
37.649358,0.088884
40.370173,0.082935
43.287613,0.077374
46.415888,0.072189
49.770236,0.067347
53.366992,0.062829
57.223677,0.058613
61.359073,0.054678
65.793322,0.051007
70.548023,0.047581
75.646333,0.044385
81.113083,0.041402
86.974900,0.038620
93.260335,0.036024
100.000000,0.033602
