0.100000,0.486118
0.107227,0.486160
0.114976,0.486208
0.123285,0.486263
0.132194,0.486326
0.141747,0.486399
0.151991,0.486483
0.162975,0.486579
0.174753,0.486690
0.187382,0.486817
0.200923,0.486964
0.215443,0.487132
0.231013,0.487325
0.247708,0.487547
0.265609,0.487803
0.284804,0.488097
0.305386,0.488435
0.327455,0.488823
0.351119,0.489269
0.376494,0.489782
0.403702,0.490372
0.432876,0.491050
0.464159,0.491830
0.497702,0.492727
0.533670,0.493759
0.572237,0.494946
0.613591,0.496312
0.657933,0.497884
0.705480,0.499695
0.756463,0.501782
0.811131,0.504189
0.869749,0.506966
0.932603,0.510173
1.000000,0.513881
1.072267,0.518172
1.149757,0.523141
1.232847,0.528902
1.321941,0.535585
1.417474,0.543340
1.519911,0.552341
1.629751,0.562784
1.747528,0.574883
1.873817,0.588868
2.009233,0.604965
2.154435,0.623365
2.310130,0.644166
2.477076,0.667273
2.656088,0.692250
2.848036,0.718112
3.053856,0.743091
3.274549,0.764469
3.511192,0.778678
3.764936,0.781882
4.037017,0.771091
4.328761,0.745435
4.641589,0.706825
4.977024,0.659450
5.336699,0.608338
5.722368,0.557865
6.135907,0.510965
6.579332,0.469106
7.054802,0.432698
7.564633,0.401565
8.111308,0.375276
8.697490,0.353210
9.326033,0.334313
10.000000,0.316804
10.722672,0.298777
11.497570,0.279694
12.328467,0.260577
13.219411,0.242674
14.174742,0.226655
15.199111,0.212497
16.297508,0.199403
17.475284,0.186490
18.738174,0.173945
20.092330,0.162412
21.544347,0.151989
23.101297,0.142121
24.770764,0.132638
26.560878,0.123900
28.480359,0.115813
30.538555,0.108108
32.745492,0.100969
35.111917,0.094298
37.649358,0.088026
40.370173,0.082200
43.287613,0.076726
46.415888,0.071631
49.770236,0.066859
53.366992,0.062404
57.223677,0.058245
61.359073,0.054358
65.793322,0.050727
70.548023,0.047338
75.646333,0.044174
81.113083,0.041219
86.974900,0.038460
93.260335,0.035885
100.000000,0.033481
