0.100000,0.800174
0.107227,0.800200
0.114976,0.800230
0.123285,0.800264
0.132194,0.800304
0.141747,0.800350
0.151991,0.800402
0.162975,0.800462
0.174753,0.800532
0.187382,0.800612
0.200923,0.800703
0.215443,0.800809
0.231013,0.800930
0.247708,0.801069
0.265609,0.801229
0.284804,0.801413
0.305386,0.801625
0.327455,0.801868
0.351119,0.802148
0.376494,0.802469
0.403702,0.802839
0.432876,0.803263
0.464159,0.803752
0.497702,0.804312
0.533670,0.804957
0.572237,0.805697
0.613591,0.806548
0.657933,0.807525
0.705480,0.808647
0.756463,0.809934
0.811131,0.811412
0.869749,0.813107
0.932603,0.815051
1.000000,0.817276
1.072267,0.819823
1.149757,0.822732
1.232847,0.826051
1.321941,0.829825
1.417474,0.834105
1.519911,0.838934
1.629751,0.844347
1.747528,0.850362
1.873817,0.856956
2.009233,0.864047
2.154435,0.871456
2.310130,0.878844
2.477076,0.885654
2.656088,0.891018
2.848036,0.893707
3.053856,0.892132
3.274549,0.884515
3.511192,0.869264
3.764936,0.845501
4.037017,0.813532
4.328761,0.774909
4.641589,0.731993
4.977024,0.687236
5.336699,0.642629
5.722368,0.599519
6.135907,0.558719
6.579332,0.520696
7.054802,0.485730
7.564633,0.454032
8.111308,0.425797
8.697490,0.401119
9.326033,0.379534
10.000000,0.359306
10.722672,0.338291
11.497570,0.316412
12.328467,0.295052
13.219411,0.275110
14.174742,0.256990
15.199111,0.240980
16.297508,0.226653
17.475284,0.212350
18.738174,0.198060
20.092330,0.184770
21.544347,0.172939
23.101297,0.162215
24.770764,0.151486
26.560878,0.141347
28.480359,0.132290
30.538555,0.123704
32.745492,0.115397
35.111917,0.107929
37.649358,0.100779
40.370173,0.094089
43.287613,0.087917
46.415888,0.082042
49.770236,0.076632
53.366992,0.071526
57.223677,0.066758
61.359073,0.062335
65.793322,0.058163
70.548023,0.054275
75.646333,0.050656
81.113083,0.047274
86.974900,0.044112
93.260335,0.041159
100.000000,0.038401
