0.100000,1.942366
0.107227,1.942054
0.114976,1.941697
0.123285,1.941285
0.132194,1.940813
0.141747,1.940270
0.151991,1.939646
0.162975,1.938929
0.174753,1.938106
0.187382,1.937159
0.200923,1.936073
0.215443,1.934825
0.231013,1.933392
0.247708,1.931748
0.265609,1.929860
0.284804,1.927694
0.305386,1.925210
0.327455,1.922362
0.351119,1.919098
0.376494,1.915358
0.403702,1.911076
0.432876,1.906177
0.464159,1.900575
0.497702,1.894174
0.533670,1.886868
0.572237,1.878536
0.613591,1.869047
0.657933,1.858254
0.705480,1.845998
0.756463,1.832104
0.811131,1.816385
0.869749,1.798642
0.932603,1.778664
1.000000,1.756236
1.072267,1.731136
1.149757,1.703150
1.232847,1.672070
1.321941,1.637707
1.417474,1.599905
1.519911,1.558543
1.629751,1.513556
1.747528,1.464941
1.873817,1.412773
2.009233,1.357210
2.154435,1.298503
2.310130,1.236994
2.477076,1.173116
2.656088,1.107384
2.848036,1.040379
3.053856,0.972731
3.274549,0.905101
3.511192,0.838151
3.764936,0.772531
4.037017,0.708853
4.328761,0.647681
4.641589,0.589509
4.977024,0.534759
5.336699,0.483758
5.722368,0.436728
6.135907,0.393770
6.579332,0.354859
7.054802,0.319852
7.564633,0.288511
8.111308,0.260545
8.697490,0.235645
9.326033,0.213512
10.000000,0.193865
10.722672,0.176439
11.497570,0.160983
12.328467,0.147260
13.219411,0.135059
14.174742,0.124189
15.199111,0.114479
16.297508,0.105774
17.475284,0.097941
18.738174,0.090861
20.092330,0.084430
21.544347,0.078560
23.101297,0.073177
24.770764,0.068216
26.560878,0.063624
28.480359,0.059360
30.538555,0.055387
32.745492,0.051678
35.111917,0.048210
37.649358,0.044966
40.370173,0.041930
43.287613,0.039089
46.415888,0.036434
49.770236,0.033954
53.366992,0.031640
57.223677,0.029481
61.359073,0.027470
65.793322,0.025596
70.548023,0.023852
75.646333,0.022228
81.113083,0.020716
86.974900,0.019308
93.260335,0.017996
100.000000,0.016775
