0.100000,0.486084
0.107227,0.486120
0.114976,0.486162
0.123285,0.486210
0.132194,0.486265
0.141747,0.486329
0.151991,0.486402
0.162975,0.486485
0.174753,0.486581
0.187382,0.486691
0.200923,0.486818
0.215443,0.486963
0.231013,0.487129
0.247708,0.487320
0.265609,0.487539
0.284804,0.487789
0.305386,0.488077
0.327455,0.488406
0.351119,0.488782
0.376494,0.489214
0.403702,0.489707
0.432876,0.490273
0.464159,0.490920
0.497702,0.491662
0.533670,0.492513
0.572237,0.493489
0.613591,0.494611
0.657933,0.495904
0.705480,0.497395
0.756463,0.499121
0.811131,0.501122
0.869749,0.503452
0.932603,0.506169
1.000000,0.509346
1.072267,0.513070
1.149757,0.517441
1.232847,0.522579
1.321941,0.528631
1.417474,0.535776
1.519911,0.544242
1.629751,0.554322
1.747528,0.566389
1.873817,0.580908
2.009233,0.598432
2.154435,0.619597
2.310130,0.645074
2.477076,0.675435
2.656088,0.710743
2.848036,0.749715
3.053856,0.788570
3.274549,0.820465
3.511192,0.837009
3.764936,0.832259
4.037017,0.806631
4.328761,0.766677
4.641589,0.720511
4.977024,0.673643
5.336699,0.628496
5.722368,0.585839
6.135907,0.545892
6.579332,0.508753
7.054802,0.474499
7.564633,0.443254
8.111308,0.415322
8.697490,0.391368
9.326033,0.372085
10.000000,0.355225
10.722672,0.335254
11.497570,0.312973
12.328467,0.291646
13.219411,0.271942
14.174742,0.253972
15.199111,0.238245
16.297508,0.224917
17.475284,0.210888
18.738174,0.196550
20.092330,0.183365
21.544347,0.171719
23.101297,0.161478
24.770764,0.150773
26.560878,0.140709
28.480359,0.131820
30.538555,0.123362
32.745492,0.115079
35.111917,0.107723
37.649358,0.100606
40.370173,0.093946
43.287613,0.087832
46.415888,0.081964
49.770236,0.076590
53.366992,0.071494
57.223677,0.066737
61.359073,0.062332
65.793322,0.058160
70.548023,0.054274
75.646333,0.050659
81.113083,0.047281
86.974900,0.044121
93.260335,0.041168
100.000000,0.038409
