0.100000,5.329409
0.107227,5.322582
0.114976,5.314754
0.123285,5.305781
0.132194,5.295500
0.141747,5.283726
0.151991,5.270251
0.162975,5.254840
0.174753,5.237228
0.187382,5.217119
0.200923,5.194183
0.215443,5.168054
0.231013,5.138328
0.247708,5.104563
0.265609,5.066279
0.284804,5.022960
0.305386,4.974061
0.327455,4.919013
0.351119,4.857233
0.376494,4.788144
0.403702,4.711194
0.432876,4.625882
0.464159,4.531795
0.497702,4.428648
0.533670,4.316327
0.572237,4.194945
0.613591,4.064882
0.657933,3.926835
0.705480,3.781839
0.756463,3.631269
0.811131,3.476804
0.869749,3.320345
0.932603,3.163880
1.000000,3.009310
1.072267,2.858246
1.149757,2.711835
1.232847,2.570652
1.321941,2.434724
1.417474,2.303712
1.519911,2.177207
1.629751,2.055048
1.747528,1.937470
1.873817,1.824988
2.009233,1.718026
2.154435,1.616583
2.310130,1.520229
2.477076,1.428524
2.656088,1.341408
2.848036,1.259052
3.053856,1.181360
3.274549,1.107918
3.511192,1.038508
3.764936,0.973143
4.037017,0.911592
4.328761,0.853574
4.641589,0.799014
4.977024,0.747669
5.336699,0.699329
5.722368,0.653756
6.135907,0.610584
6.579332,0.569627
7.054802,0.531593
7.564633,0.496798
8.111308,0.464385
8.697490,0.433978
9.326033,0.405486
10.000000,0.378813
10.722672,0.353843
11.497570,0.330453
12.328467,0.308484
13.219411,0.287796
14.174742,0.268662
15.199111,0.250859
16.297508,0.234200
17.475284,0.218620
18.738174,0.204019
20.092330,0.190318
21.544347,0.177500
23.101297,0.165505
24.770764,0.154310
26.560878,0.143849
28.480359,0.134147
30.538555,0.125096
32.745492,0.116639
35.111917,0.108787
37.649358,0.101458
40.370173,0.094626
43.287613,0.088266
46.415888,0.082330
49.770236,0.076803
53.366992,0.071646
57.223677,0.066838
61.359073,0.062358
65.793322,0.058176
70.548023,0.054276
75.646333,0.050639
81.113083,0.047246
86.974900,0.044079
93.260335,0.041125
100.000000,0.038369
