0.100000,0.800163
0.107227,0.800188
0.114976,0.800216
0.123285,0.800248
0.132194,0.800285
0.141747,0.800328
0.151991,0.800377
0.162975,0.800434
0.174753,0.800499
0.187382,0.800574
0.200923,0.800659
0.215443,0.800758
0.231013,0.800871
0.247708,0.801002
0.265609,0.801151
0.284804,0.801323
0.305386,0.801521
0.327455,0.801747
0.351119,0.802008
0.376494,0.802307
0.403702,0.802650
0.432876,0.803043
0.464159,0.803494
0.497702,0.804012
0.533670,0.804604
0.572237,0.805283
0.613591,0.806061
0.657933,0.806949
0.705480,0.807965
0.756463,0.809124
0.811131,0.810446
0.869749,0.811950
0.932603,0.813658
1.000000,0.815595
1.072267,0.817785
1.149757,0.820252
1.232847,0.823019
1.321941,0.826106
1.417474,0.829527
1.519911,0.833284
1.629751,0.837361
1.747528,0.841717
1.873817,0.846268
2.009233,0.850874
2.154435,0.855312
2.310130,0.859251
2.477076,0.862212
2.656088,0.863542
2.848036,0.862383
3.053856,0.857684
3.274549,0.848253
3.511192,0.832898
3.764936,0.810651
4.037017,0.781057
4.328761,0.744441
4.641589,0.702023
4.977024,0.655786
5.336699,0.608111
5.722368,0.561306
6.135907,0.517220
6.579332,0.477063
7.054802,0.441415
7.564633,0.410356
8.111308,0.383586
8.697490,0.360464
9.326033,0.339961
10.000000,0.320733
10.722672,0.301587
11.497570,0.282172
12.328467,0.263065
13.219411,0.245131
14.174742,0.228910
15.199111,0.214348
16.297508,0.200817
17.475284,0.187702
18.738174,0.175101
20.092330,0.163466
21.544347,0.152851
23.101297,0.142843
24.770764,0.133304
26.560878,0.124482
28.480359,0.116297
30.538555,0.108544
32.745492,0.101345
35.111917,0.094621
37.649358,0.088312
40.370173,0.082445
43.287613,0.076942
46.415888,0.071817
49.770236,0.067022
53.366992,0.062546
57.223677,0.058368
61.359073,0.054465
65.793322,0.050821
70.548023,0.047419
75.646333,0.044244
81.113083,0.041280
86.974900,0.038513
93.260335,0.035931
100.000000,0.033521
