0.100000,1.941752
0.107227,1.941350
0.114976,1.940888
0.123285,1.940356
0.132194,1.939746
0.141747,1.939045
0.151991,1.938240
0.162975,1.937316
0.174753,1.936255
0.187382,1.935038
0.200923,1.933641
0.215443,1.932039
0.231013,1.930202
0.247708,1.928097
0.265609,1.925685
0.284804,1.922924
0.305386,1.919764
0.327455,1.916152
0.351119,1.912024
0.376494,1.907312
0.403702,1.901940
0.432876,1.895821
0.464159,1.888862
0.497702,1.880959
0.533670,1.872000
0.572237,1.861863
0.613591,1.850419
0.657933,1.837532
0.705480,1.823060
0.756463,1.806859
0.811131,1.788785
0.869749,1.768697
0.932603,1.746466
1.000000,1.721974
1.072267,1.695127
1.149757,1.665854
1.232847,1.634119
1.321941,1.599921
1.417474,1.563302
1.519911,1.524347
1.629751,1.483184
1.747528,1.439985
1.873817,1.394957
2.009233,1.348342
2.154435,1.300404
2.310130,1.251421
2.477076,1.201680
2.656088,1.151463
2.848036,1.101043
3.053856,1.050674
3.274549,1.000587
3.511192,0.950980
3.764936,0.902021
4.037017,0.853837
4.328761,0.806513
4.641589,0.760097
4.977024,0.714606
5.336699,0.670067
5.722368,0.626612
6.135907,0.584644
6.579332,0.544961
7.054802,0.508510
7.564633,0.475681
8.111308,0.445985
8.697490,0.418605
9.326033,0.392941
10.000000,0.368652
10.722672,0.345498
11.497570,0.323259
12.328467,0.301801
13.219411,0.281463
14.174742,0.262940
15.199111,0.246086
16.297508,0.230337
17.475284,0.215388
18.738174,0.201053
20.092330,0.187566
21.544347,0.175270
23.101297,0.163807
24.770764,0.152900
26.560878,0.142612
28.480359,0.133219
30.538555,0.124391
32.745492,0.116025
35.111917,0.108352
37.649358,0.101120
40.370173,0.094363
43.287613,0.088089
46.415888,0.082190
49.770236,0.076717
53.366992,0.071587
57.223677,0.066799
61.359073,0.062344
65.793322,0.058170
70.548023,0.054276
75.646333,0.050647
81.113083,0.047259
86.974900,0.044095
93.260335,0.041142
100.000000,0.038385
