0.100000,5.358277
0.107227,5.355717
0.114976,5.352777
0.123285,5.349399
0.132194,5.345520
0.141747,5.341067
0.151991,5.335954
0.162975,5.330086
0.174753,5.323353
0.187382,5.315629
0.200923,5.306773
0.215443,5.296622
0.231013,5.284991
0.247708,5.271673
0.265609,5.256432
0.284804,5.239002
0.305386,5.219084
0.327455,5.196345
0.351119,5.170410
0.376494,5.140868
0.403702,5.107260
0.432876,5.069088
0.464159,5.025808
0.497702,4.976835
0.533670,4.921549
0.572237,4.859298
0.613591,4.789413
0.657933,4.711221
0.705480,4.624067
0.756463,4.527339
0.811131,4.420501
0.869749,4.303131
0.932603,4.174962
1.000000,4.035929
1.072267,3.886215
1.149757,3.726289
1.232847,3.556938
1.321941,3.379285
1.417474,3.194776
1.519911,3.005154
1.629751,2.812394
1.747528,2.618624
1.873817,2.426020
2.009233,2.236700
2.154435,2.052623
2.310130,1.875500
2.477076,1.706747
2.656088,1.547446
2.848036,1.398346
3.053856,1.259885
3.274549,1.132218
3.511192,1.015264
3.764936,0.908746
4.037017,0.812239
4.328761,0.725211
4.641589,0.647059
4.977024,0.577144
5.336699,0.514811
5.722368,0.459410
6.135907,0.410307
6.579332,0.366888
7.054802,0.328568
7.564633,0.294795
8.111308,0.265054
8.697490,0.238876
9.326033,0.215834
10.000000,0.195547
10.722672,0.177673
11.497570,0.161906
12.328467,0.147972
13.219411,0.135629
14.174742,0.124666
15.199111,0.114894
16.297508,0.106149
17.475284,0.098288
18.738174,0.091186
20.092330,0.084738
21.544347,0.078851
23.101297,0.073451
24.770764,0.068472
26.560878,0.063862
28.480359,0.059578
30.538555,0.055585
32.745492,0.051856
35.111917,0.048369
37.649358,0.045106
40.370173,0.042053
43.287613,0.039197
46.415888,0.036528
49.770236,0.034035
53.366992,0.031710
57.223677,0.029542
61.359073,0.027522
65.793322,0.025642
70.548023,0.023891
75.646333,0.022262
81.113083,0.020745
86.974900,0.019334
93.260335,0.018019
100.000000,0.016795
