0.100000,3.121380
0.107227,3.120474
0.114976,3.119433
0.123285,3.118237
0.132194,3.116863
0.141747,3.115285
0.151991,3.113472
0.162975,3.111391
0.174753,3.109001
0.187382,3.106257
0.200923,3.103108
0.215443,3.099495
0.231013,3.095352
0.247708,3.090600
0.265609,3.085155
0.284804,3.078917
0.305386,3.071774
0.327455,3.063601
0.351119,3.054256
0.376494,3.043579
0.403702,3.031391
0.432876,3.017494
0.464159,3.001668
0.497702,2.983668
0.533670,2.963228
0.572237,2.940060
0.613591,2.913853
0.657933,2.884275
0.705480,2.850981
0.756463,2.813614
0.811131,2.771814
0.869749,2.725229
0.932603,2.673528
1.000000,2.616414
1.072267,2.553645
1.149757,2.485052
1.232847,2.410562
1.321941,2.330217
1.417474,2.244194
1.519911,2.152818
1.629751,2.056573
1.747528,1.956099
1.873817,1.852183
2.009233,1.745738
2.154435,1.637772
2.310130,1.529350
2.477076,1.421554
2.656088,1.315435
2.848036,1.211975
3.053856,1.112050
3.274549,1.016408
3.511192,0.925649
3.764936,0.840222
4.037017,0.760431
4.328761,0.686442
4.641589,0.618302
4.977024,0.555961
5.336699,0.499283
5.722368,0.448064
6.135907,0.402035
6.579332,0.360873
7.054802,0.324211
7.564633,0.291654
8.111308,0.262800
8.697490,0.237260
9.326033,0.214673
10.000000,0.194706
10.722672,0.177056
11.497570,0.161444
12.328467,0.147616
13.219411,0.135344
14.174742,0.124428
15.199111,0.114686
16.297508,0.105962
17.475284,0.098114
18.738174,0.091023
20.092330,0.084584
21.544347,0.078706
23.101297,0.073314
24.770764,0.068344
26.560878,0.063743
28.480359,0.059469
30.538555,0.055486
32.745492,0.051767
35.111917,0.048290
37.649358,0.045036
40.370173,0.041991
43.287613,0.039143
46.415888,0.036481
49.770236,0.033995
53.366992,0.031675
57.223677,0.029512
61.359073,0.027496
65.793322,0.025619
70.548023,0.023872
75.646333,0.022245
81.113083,0.020730
86.974900,0.019321
93.260335,0.018008
100.000000,0.016785
