0.100000,0.800020
0.107227,0.800023
0.114976,0.800027
0.123285,0.800031
0.132194,0.800036
0.141747,0.800041
0.151991,0.800047
0.162975,0.800054
0.174753,0.800062
0.187382,0.800071
0.200923,0.800082
0.215443,0.800094
0.231013,0.800107
0.247708,0.800122
0.265609,0.800140
0.284804,0.800160
0.305386,0.800182
0.327455,0.800207
0.351119,0.800234
0.376494,0.800265
0.403702,0.800299
0.432876,0.800337
0.464159,0.800378
0.497702,0.800422
0.533670,0.800468
0.572237,0.800515
0.613591,0.800563
0.657933,0.800608
0.705480,0.800647
0.756463,0.800676
0.811131,0.800688
0.869749,0.800673
0.932603,0.800618
1.000000,0.800507
1.072267,0.800316
1.149757,0.800013
1.232847,0.799557
1.321941,0.798893
1.417474,0.797950
1.519911,0.796634
1.629751,0.794826
1.747528,0.792375
1.873817,0.789089
2.009233,0.784732
2.154435,0.779020
2.310130,0.771616
2.477076,0.762134
2.656088,0.750153
2.848036,0.735237
3.053856,0.716977
3.274549,0.695041
3.511192,0.669240
3.764936,0.639594
4.037017,0.606386
4.328761,0.570184
4.641589,0.531816
4.977024,0.492297
5.336699,0.452712
5.722368,0.414085
6.135907,0.377262
6.579332,0.342836
7.054802,0.311127
7.564633,0.282219
8.111308,0.256033
8.697490,0.232416
9.326033,0.211192
10.000000,0.192183
10.722672,0.175205
11.497570,0.160060
12.328467,0.146549
13.219411,0.134489
14.174742,0.123712
15.199111,0.114063
16.297508,0.105400
17.475284,0.097595
18.738174,0.090535
20.092330,0.084122
21.544347,0.078269
23.101297,0.072903
24.770764,0.067960
26.560878,0.063387
28.480359,0.059142
30.538555,0.055190
32.745492,0.051500
35.111917,0.048052
37.649358,0.044826
40.370173,0.041807
43.287613,0.038982
46.415888,0.036341
49.770236,0.033873
53.366992,0.031569
57.223677,0.029420
61.359073,0.027417
65.793322,0.025551
70.548023,0.023812
75.646333,0.022193
81.113083,0.020686
86.974900,0.019282
93.260335,0.017974
100.000000,0.016755
