0.100000,3.115463
0.107227,3.113679
0.114976,3.111632
0.123285,3.109282
0.132194,3.106586
0.141747,3.103494
0.151991,3.099949
0.162975,3.095886
0.174753,3.091232
0.187382,3.085903
0.200923,3.079806
0.215443,3.072835
0.231013,3.064872
0.247708,3.055783
0.265609,3.045421
0.284804,3.033621
0.305386,3.020204
0.327455,3.004973
0.351119,2.987713
0.376494,2.968196
0.403702,2.946179
0.432876,2.921408
0.464159,2.893623
0.497702,2.862565
0.533670,2.827982
0.572237,2.789642
0.613591,2.747340
0.657933,2.700915
0.705480,2.650267
0.756463,2.595363
0.811131,2.536260
0.869749,2.473103
0.932603,2.406140
1.000000,2.335709
1.072267,2.262232
1.149757,2.186192
1.232847,2.108110
1.321941,2.028521
1.417474,1.947951
1.519911,1.866906
1.629751,1.785868
1.747528,1.705296
1.873817,1.625617
2.009233,1.547218
2.154435,1.470426
2.310130,1.395503
2.477076,1.322661
2.656088,1.252079
2.848036,1.183906
3.053856,1.118244
3.274549,1.055148
3.511192,0.994649
3.764936,0.936754
4.037017,0.881434
4.328761,0.828628
4.641589,0.778250
4.977024,0.730164
5.336699,0.684180
5.722368,0.640055
6.135907,0.597628
6.579332,0.557262
7.054802,0.520037
7.564633,0.486378
8.111308,0.455444
8.697490,0.426494
9.326033,0.399273
10.000000,0.373667
10.722672,0.349558
11.497570,0.326789
12.328467,0.305145
13.219411,0.284637
14.174742,0.265838
15.199111,0.248502
16.297508,0.232252
17.475284,0.216980
18.738174,0.202538
20.092330,0.188950
21.544347,0.176394
23.101297,0.164646
24.770764,0.153604
26.560878,0.143235
28.480359,0.133683
30.538555,0.124741
32.745492,0.116334
35.111917,0.108568
37.649358,0.101289
40.370173,0.094496
43.287613,0.088177
46.415888,0.082261
49.770236,0.076760
53.366992,0.071617
57.223677,0.066819
61.359073,0.062351
65.793322,0.058173
70.548023,0.054276
75.646333,0.050643
81.113083,0.047252
86.974900,0.044087
93.260335,0.041133
100.000000,0.038377
