0.100000,1.249418
0.107227,1.249331
0.114976,1.249231
0.123285,1.249116
0.132194,1.248984
0.141747,1.248832
0.151991,1.248657
0.162975,1.248456
0.174753,1.248225
0.187382,1.247960
0.200923,1.247654
0.215443,1.247304
0.231013,1.246901
0.247708,1.246437
0.265609,1.245905
0.284804,1.245293
0.305386,1.244591
0.327455,1.243783
0.351119,1.242856
0.376494,1.241791
0.403702,1.240568
0.432876,1.239164
0.464159,1.237553
0.497702,1.235704
0.533670,1.233583
0.572237,1.231150
0.613591,1.228362
0.657933,1.225166
0.705480,1.221507
0.756463,1.217318
0.811131,1.212528
0.869749,1.207052
0.932603,1.200800
1.000000,1.193667
1.072267,1.185540
1.149757,1.176293
1.232847,1.165787
1.321941,1.153872
1.417474,1.140387
1.519911,1.125161
1.629751,1.108013
1.747528,1.088761
1.873817,1.067223
2.009233,1.043222
2.154435,1.016600
2.310130,0.987224
2.477076,0.955001
2.656088,0.919893
2.848036,0.881934
3.053856,0.841246
3.274549,0.798054
3.511192,0.752703
3.764936,0.705659
4.037017,0.657505
4.328761,0.608928
4.641589,0.560680
4.977024,0.513538
5.336699,0.468234
5.722368,0.425401
6.135907,0.385512
6.579332,0.348847
7.054802,0.315491
7.564633,0.285366
8.111308,0.258290
8.697490,0.234030
9.326033,0.212352
10.000000,0.193024
10.722672,0.175822
11.497570,0.160521
12.328467,0.146904
13.219411,0.134774
14.174742,0.123951
15.199111,0.114271
16.297508,0.105587
17.475284,0.097768
18.738174,0.090698
20.092330,0.084276
21.544347,0.078415
23.101297,0.073040
24.770764,0.068088
26.560878,0.063506
28.480359,0.059251
30.538555,0.055288
32.745492,0.051589
35.111917,0.048131
37.649358,0.044896
40.370173,0.041868
43.287613,0.039036
46.415888,0.036388
49.770236,0.033914
53.366992,0.031604
57.223677,0.029451
61.359073,0.027443
65.793322,0.025573
70.548023,0.023832
75.646333,0.022210
81.113083,0.020701
86.974900,0.019295
93.260335,0.017985
100.000000,0.016765
