0.100000,1.249648
0.107227,1.249596
0.114976,1.249535
0.123285,1.249465
0.132194,1.249385
0.141747,1.249293
0.151991,1.249188
0.162975,1.249066
0.174753,1.248926
0.187382,1.248766
0.200923,1.248581
0.215443,1.248368
0.231013,1.248124
0.247708,1.247844
0.265609,1.247521
0.284804,1.247151
0.305386,1.246725
0.327455,1.246236
0.351119,1.245673
0.376494,1.245027
0.403702,1.244285
0.432876,1.243432
0.464159,1.242453
0.497702,1.241328
0.533670,1.240037
0.572237,1.238555
0.613591,1.236854
0.657933,1.234902
0.705480,1.232663
0.756463,1.230097
0.811131,1.227156
0.869749,1.223786
0.932603,1.219929
1.000000,1.215516
1.072267,1.210470
1.149757,1.204706
1.232847,1.198128
1.321941,1.190630
1.417474,1.182094
1.519911,1.172390
1.629751,1.161378
1.747528,1.148905
1.873817,1.134811
2.009233,1.118925
2.154435,1.101073
2.310130,1.081081
2.477076,1.058782
2.656088,1.034022
2.848036,1.006675
3.053856,0.976653
3.274549,0.943924
3.511192,0.908530
3.764936,0.870605
4.037017,0.830398
4.328761,0.788286
4.641589,0.744789
4.977024,0.700564
5.336699,0.656390
5.722368,0.613129
6.135907,0.571655
6.579332,0.532766
7.054802,0.497068
7.564633,0.464862
8.111308,0.436064
8.697490,0.410182
9.326033,0.386409
10.000000,0.363832
10.722672,0.341722
11.497570,0.319819
12.328467,0.298438
13.219411,0.278285
14.174742,0.259985
15.199111,0.243587
16.297508,0.228466
17.475284,0.213847
18.738174,0.199561
20.092330,0.186171
21.544347,0.174120
23.101297,0.162995
24.770764,0.152195
26.560878,0.141982
28.480359,0.132755
30.538555,0.124046
32.745492,0.115712
35.111917,0.108139
37.649358,0.100950
40.370173,0.094228
43.287613,0.088003
46.415888,0.082117
49.770236,0.076674
53.366992,0.071557
57.223677,0.066779
61.359073,0.062339
65.793322,0.058167
70.548023,0.054276
75.646333,0.050652
81.113083,0.047266
86.974900,0.044104
93.260335,0.041150
100.000000,0.038393
