0.100000,1.249609
0.107227,1.249550
0.114976,1.249483
0.123285,1.249405
0.132194,1.249316
0.141747,1.249214
0.151991,1.249097
0.162975,1.248961
0.174753,1.248806
0.187382,1.248627
0.200923,1.248422
0.215443,1.248186
0.231013,1.247914
0.247708,1.247602
0.265609,1.247244
0.284804,1.246832
0.305386,1.246358
0.327455,1.245814
0.351119,1.245189
0.376494,1.244471
0.403702,1.243645
0.432876,1.242698
0.464159,1.241609
0.497702,1.240359
0.533670,1.238924
0.572237,1.237277
0.613591,1.235387
0.657933,1.233219
0.705480,1.230732
0.756463,1.227882
0.811131,1.224616
0.869749,1.220876
0.932603,1.216596
1.000000,1.211700
1.072267,1.206104
1.149757,1.199715
1.232847,1.192427
1.321941,1.184124
1.417474,1.174678
1.519911,1.163947
1.629751,1.151781
1.747528,1.138014
1.873817,1.122474
2.009233,1.104983
2.154435,1.085356
2.310130,1.063415
2.477076,1.038990
2.656088,1.011933
2.848036,0.982127
3.053856,0.949506
3.274549,0.914069
3.511192,0.875901
3.764936,0.835197
4.037017,0.792277
4.328761,0.747606
4.641589,0.701798
4.977024,0.655612
5.336699,0.609921
5.722368,0.565666
6.135907,0.523771
6.579332,0.485038
7.054802,0.450033
7.564633,0.418965
8.111308,0.391629
8.697490,0.367409
9.326033,0.345410
10.000000,0.324689
10.722672,0.304543
11.497570,0.284745
12.328467,0.265572
13.219411,0.247567
14.174742,0.231128
15.199111,0.216178
16.297508,0.202249
17.475284,0.188931
18.738174,0.176256
20.092330,0.164510
21.544347,0.153714
23.101297,0.143569
24.770764,0.133967
26.560878,0.125062
28.480359,0.116782
30.538555,0.108979
32.745492,0.101722
35.111917,0.094945
37.649358,0.088599
40.370173,0.082690
43.287613,0.077158
46.415888,0.072003
49.770236,0.067184
53.366992,0.062687
57.223677,0.058490
61.359073,0.054571
65.793322,0.050914
70.548023,0.047500
75.646333,0.044314
81.113083,0.041341
86.974900,0.038567
93.260335,0.035978
100.000000,0.033562
