0.100000,0.486109
0.107227,0.486149
0.114976,0.486195
0.123285,0.486248
0.132194,0.486309
0.141747,0.486379
0.151991,0.486460
0.162975,0.486553
0.174753,0.486659
0.187382,0.486782
0.200923,0.486923
0.215443,0.487084
0.231013,0.487270
0.247708,0.487483
0.265609,0.487728
0.284804,0.488010
0.305386,0.488333
0.327455,0.488704
0.351119,0.489130
0.376494,0.489618
0.403702,0.490179
0.432876,0.490821
0.464159,0.491558
0.497702,0.492401
0.533670,0.493367
0.572237,0.494472
0.613591,0.495736
0.657933,0.497180
0.705480,0.498827
0.756463,0.500705
0.811131,0.502844
0.869749,0.505274
0.932603,0.508032
1.000000,0.511153
1.072267,0.514676
1.149757,0.518641
1.232847,0.523085
1.321941,0.528041
1.417474,0.533534
1.519911,0.539578
1.629751,0.546161
1.747528,0.553243
1.873817,0.560737
2.009233,0.568494
2.154435,0.576282
2.310130,0.583763
2.477076,0.590477
2.656088,0.595825
2.848036,0.599069
3.053856,0.599371
3.274549,0.595850
3.511192,0.587698
3.764936,0.574324
4.037017,0.555495
4.328761,0.531448
4.641589,0.502915
4.977024,0.471037
5.336699,0.437192
5.722368,0.402779
6.135907,0.369020
6.579332,0.336827
7.054802,0.306761
7.564633,0.279069
8.111308,0.253777
8.697490,0.230803
9.326033,0.210033
10.000000,0.191343
10.722672,0.174587
11.497570,0.159598
12.328467,0.146193
13.219411,0.134204
14.174742,0.123474
15.199111,0.113856
16.297508,0.105212
17.475284,0.097421
18.738174,0.090373
20.092330,0.083968
21.544347,0.078124
23.101297,0.072766
24.770764,0.067831
26.560878,0.063269
28.480359,0.059033
30.538555,0.055091
32.745492,0.051411
35.111917,0.047973
37.649358,0.044756
40.370173,0.041745
43.287613,0.038928
46.415888,0.036294
49.770236,0.033833
53.366992,0.031534
57.223677,0.029390
61.359073,0.027391
65.793322,0.025528
70.548023,0.023792
75.646333,0.022176
81.113083,0.020671
86.974900,0.019269
93.260335,0.017963
100.000000,0.016746
