0.100000,3.118953
0.107227,3.117686
0.114976,3.116230
0.123285,3.114559
0.132194,3.112639
0.141747,3.110435
0.151991,3.107905
0.162975,3.105001
0.174753,3.101670
0.187382,3.097849
0.200923,3.093469
0.215443,3.088448
0.231013,3.082697
0.247708,3.076113
0.265609,3.068580
0.284804,3.059967
0.305386,3.050128
0.327455,3.038898
0.351119,3.026095
0.376494,3.011517
0.403702,2.994942
0.432876,2.976124
0.464159,2.954802
0.497702,2.930691
0.533670,2.903492
0.572237,2.872892
0.613591,2.838569
0.657933,2.800205
0.705480,2.757488
0.756463,2.710130
0.811131,2.657881
0.869749,2.600546
0.932603,2.538005
1.000000,2.470229
1.072267,2.397303
1.149757,2.319439
1.232847,2.236989
1.321941,2.150446
1.417474,2.060437
1.519911,1.967710
1.629751,1.873105
1.747528,1.777524
1.873817,1.681889
2.009233,1.587107
2.154435,1.494027
2.310130,1.403414
2.477076,1.315919
2.656088,1.232064
2.848036,1.152231
3.053856,1.076666
3.274549,1.005484
3.511192,0.938685
3.764936,0.876170
4.037017,0.817757
4.328761,0.763206
4.641589,0.712229
4.977024,0.664517
5.336699,0.619765
5.722368,0.577709
6.135907,0.538187
6.579332,0.501210
7.054802,0.466943
7.564633,0.435520
8.111308,0.406805
8.697490,0.380385
9.326033,0.355795
10.000000,0.332687
10.722672,0.310853
11.497570,0.290183
12.328467,0.270657
13.219411,0.252374
14.174742,0.235443
15.199111,0.219776
16.297508,0.205161
17.475284,0.191437
18.738174,0.178557
20.092330,0.166570
21.544347,0.155441
23.101297,0.145037
24.770764,0.135290
26.560878,0.126215
28.480359,0.117759
30.538555,0.109847
32.745492,0.102473
35.111917,0.095594
37.649358,0.089170
40.370173,0.083181
43.287613,0.077589
46.415888,0.072375
49.770236,0.067509
53.366992,0.062970
57.223677,0.058736
61.359073,0.054785
65.793322,0.051100
70.548023,0.047662
75.646333,0.044455
81.113083,0.041464
86.974900,0.038673
93.260335,0.036070
100.000000,0.033642
