    19.281     6.587     3.302 1  0
    18.879     6.233     3.045 1  0
    18.444     5.947     2.822 1  0
    18.061     5.683     2.922 1  0
    17.996     5.489     3.172 1  0
    17.394     5.473     2.878 1  0
    17.230     5.588     2.644 1  0
    16.827     5.736     2.441 1  0
    16.293     5.415     2.490 1  1
    15.744     5.272     2.399 1  1
    15.567     5.637     2.145 1  1
    15.459     6.005     2.030 1  1
    15.763     6.418     1.917 1  1
    16.179     6.544     2.032 1  1
    16.481     6.890     1.997 1  1
    16.686     7.282     2.183 1  1
    16.897     7.657     2.228 1  1
    17.259     7.880     1.954 1  1
    17.829     7.718     1.824 1  1
    18.286     7.865     1.890 1  1
    14.900     9.384     7.929 1  0
    15.068     8.966     7.703 1  0
    15.191     8.596     7.416 1  0
    15.184     8.420     7.047 1  0
    15.502     8.478     6.810 1  0
    15.827     8.747     6.915 1  0
    16.352     8.825     7.104 1  0
    16.380     9.219     6.928 1  0
    16.595     9.706     6.650 1  1
    16.467    10.158     6.730 1  1
    16.263    10.448     6.562 1  1
    16.193    10.818     6.502 1  1
    15.755    11.001     6.169 1  1
    15.327    11.223     5.821 1  1
    15.295    11.315     5.434 1  1
    15.060    11.590     5.202 1  1
    15.077    12.014     5.481 1  1
    14.691    11.930     5.714 1  1
    14.900    12.215     6.145 1  1
    15.067    12.679     6.464 1  1
    18.092     9.797     8.537 1  0
    18.244    10.101     8.579 1  0
    18.367    10.463     8.142 1  0
    18.255    10.759     7.801 1  0
    18.351    11.004     7.543 1  0
    18.547    10.945     7.135 1  0
    18.645    10.751     6.688 1  0
    18.645    10.604     6.382 1  0
    18.800    10.698     6.095 1  1
    19.198    10.420     5.809 1  1
    19.655    10.453     5.589 1  1
    19.984    10.758     5.344 1  1
    19.896    11.115     4.994 1  1
    19.931    11.473     4.769 1  1
    19.933    11.715     4.466 1  1
    19.791    11.817     3.946 1  1
    19.955    11.503     3.587 1  1
    19.924    11.008     3.525 1  1
    19.955    10.578     3.685 1  1
    20.260    10.393     3.980 1  1
    14.583     8.623     5.580 1  0
    14.329     8.413     5.705 1  0
    14.039     8.062     5.846 1  0
    13.638     7.748     5.534 1  0
    13.277     7.281     5.452 1  0
    13.381     7.169     5.716 1  0
    13.711     6.831     6.119 1  0
    13.893     6.649     6.296 1  0
    14.099     6.602     6.664 1  1
    14.364     6.317     6.932 1  1
    14.680     6.012     7.039 1  1
    14.914     5.808     7.251 1  1
    15.355     5.666     7.444 1  1
    15.824     5.719     7.410 1  1
    16.106     5.777     7.296 1  1
    16.463     5.996     7.061 1  1
    16.833     6.186     6.637 1  1
    16.762     6.619     6.350 1  1
    16.557     6.942     6.166 1  1
    16.949     7.192     6.340 1  1
    27.903     5.035     8.638 1  0
    27.879     4.629     8.852 1  0
    27.374     4.647     9.110 1  0
    27.069     4.943     9.411 1  0
    27.155     5.405     9.784 1  0
    27.101     5.666    10.270 1  0
    27.352     5.443     9.820 1  0
    27.204     5.098     9.605 1  0
    26.896     4.815     9.809 1  1
    26.462     5.157     9.638 1  1
    26.030     5.342     9.639 1  1
    26.104     5.668    10.005 1  1
    26.436     5.640    10.292 1  1
    26.501     5.770    10.819 1  1
    26.643     5.909    11.236 1  1
    26.761     6.276    11.596 1  1
    26.393     6.589    11.931 1  1
    26.352     6.839    12.354 1  1
    26.071     6.962    12.749 1  1
    25.653     7.133    12.952 1  1
    25.618     5.277     4.860 1  0
    25.125     5.466     4.704 1  0
    24.857     5.416     4.397 1  0
    24.709     5.554     3.882 1  0
    24.615     5.591     3.396 1  0
    24.533     5.594     2.904 1  0
    24.111     5.264     2.977 1  0
    23.744     5.109     2.766 1  0
    24.072     4.786     2.806 1  1
    24.368     4.577     2.971 1  1
    24.751     4.340     2.972 1  1
    24.975     4.125     3.288 1  1
    25.268     4.561     3.442 1  1
    25.209     4.990     3.490 1  1
    25.039     5.368     3.214 1  1
    25.166     5.713     2.787 1  1
    25.264     5.163     2.672 1  1
    25.174     4.748     2.919 1  1
    25.310     4.291     3.043 1  1
    25.511     4.071     3.406 1  1
    16.167     6.393     9.890 1  0
    16.329     6.484    10.146 1  0
    16.734     6.439    10.203 1  0
    16.943     6.369    10.098 1  0
    17.400     6.313     9.896 1  0
    17.521     5.775     9.950 1  0
    17.729     5.388    10.019 1  0
    17.667     4.831     9.922 1  0
    17.375     4.521    10.097 1  1
    17.030     3.924    10.110 1  1
    16.462     3.993     9.956 1  1
    16.088     4.313     9.904 1  1
    15.758     4.577    10.032 1  1
    15.365     4.554    10.295 1  1
    15.309     4.494    10.731 1  1
    15.436     4.690    11.167 1  1
    15.602     4.766    11.585 1  1
    15.424     4.372    11.981 1  1
    15.219     4.241    12.338 1  1
    14.926     4.024    12.792 1  1
    14.648    10.608    14.097 1  0
    14.544    10.743    13.738 1  0
    14.286    10.985    13.970 1  0
    14.182    11.418    13.826 1  0
    14.074    11.528    13.395 1  0
    13.896    11.137    13.223 1  0
    13.781    10.890    13.141 1  0
    13.637    10.511    13.290 1  0
    13.302    10.173    13.055 1  1
    12.983     9.809    12.980 1  1
    12.935     9.585    13.275 1  1
    12.775     9.425    13.570 1  1
    12.727     9.871    13.782 1  1
    12.447    10.224    13.864 1  1
    12.128    10.627    14.006 1  1
    11.773    10.725    14.052 1  1
    11.341    10.691    14.099 1  1
    10.952    10.526    14.251 1  1
    10.567    10.929    14.496 1  1
    10.699    11.249    14.211 1  1
    13.645    12.071     9.309 1  0
    13.778    12.250     9.652 1  0
    14.035    12.576     9.899 1  0
    14.094    13.020    10.039 1  0
    13.719    13.099    10.181 1  0
    13.367    13.168    10.280 1  0
    13.074    13.085    10.674 1  0
    12.608    12.983    10.691 1  0
    12.399    12.658    10.612 1  1
    12.088    12.269    10.373 1  1
    11.753    12.196    10.095 1  1
    11.332    12.110     9.809 1  1
    11.419    11.942     9.346 1  1
    11.431    12.072     8.858 1  1
    11.324    12.265     8.565 1  1
    11.290    12.632     8.385 1  1
    11.041    12.875     8.090 1  1
    10.875    13.085     7.758 1  1
    10.998    12.970     7.329 1  1
    11.212    12.631     6.986 1  1
    20.251    12.858     7.392 1  0
    20.136    13.003     7.737 1  0
    20.018    13.478     7.746 1  0
    19.711    13.949     7.668 1  0
    19.605    14.150     8.074 1  0
    19.782    13.904     8.487 1  0
    19.668    13.682     8.796 1  0
    19.635    13.216     9.070 1  0
    19.638    12.763     9.120 1  1
    19.786    12.294     9.340 1  1
    20.251    12.109     9.603 1  1
    20.591    11.865     9.742 1  1
    20.699    11.564     9.864 1  1
    20.970    11.175    10.143 1  1
    20.863    10.983    10.638 1  1
    21.069    10.520    10.672 1  1
    21.199    10.301    10.330 1  1
    21.248    10.238     9.876 1  1
    20.952    10.136     9.491 1  1
    20.796     9.949     9.246 1  1
    15.113     8.950     4.881 1  0
    14.877     9.368     5.049 1  0
    14.842     9.844     4.866 1  0
    15.130    10.044     4.495 1  0
    15.223    10.264     5.003 1  0
    15.345    10.568     5.195 1  0
    15.297    10.858     5.607 1  0
    14.895    11.016     5.736 1  0
    14.578    11.138     5.417 1  1
    14.480    10.681     4.989 1  1
    14.238    10.478     4.858 1  1
    14.069    10.077     4.543 1  1
    13.804     9.701     4.287 1  1
    13.379     9.460     4.083 1  1
    12.985     9.615     4.270 1  1
    12.680     9.621     4.652 1  1
    12.270     9.655     4.759 1  1
    12.098     9.867     5.173 1  1
    11.996     9.729     5.530 1  1
    12.040     9.730     5.861 1  1
    16.525    14.447     7.337 1  0
    16.777    14.644     7.450 1  0
    17.211    14.872     7.638 1  0
    17.655    14.954     7.577 1  0
    17.583    15.444     7.738 1  0
    17.462    15.642     8.030 1  0
    17.139    15.478     8.281 1  0
    17.187    15.191     8.709 1  0
    17.115    15.035     9.319 1  1
    17.329    14.627     9.435 1  1
    17.530    14.194     9.550 1  1
    17.567    14.154     9.976 1  1
    17.689    13.924    10.492 1  1
    17.607    13.895    10.719 1  1
    18.154    13.862    10.899 1  1
    18.428    13.880    11.212 1  1
    18.538    13.772    11.643 1  1
    19.001    13.620    11.761 1  1
    19.394    13.409    12.111 1  1
    19.391    13.123    12.521 1  1
    20.838     7.972    12.126 1  0
    20.886     8.389    12.415 1  0
    20.720     8.603    12.558 1  0
    20.591     8.842    12.991 1  0
    20.983     9.132    13.427 1  0
    21.412     9.162    13.762 1  0
    21.666     8.833    13.988 1  0
    21.704     8.453    14.407 1  0
    21.886     8.360    14.805 1  1
    21.627     8.642    15.046 1  1
    21.340     8.402    14.805 1  1
    21.218     8.188    14.464 1  1
    20.725     8.305    14.366 1  1
    20.442     8.619    14.614 1  1
    20.168     8.941    14.811 1  1
    20.044     9.165    15.220 1  1
    19.777     8.874    15.495 1  1
    19.606     8.575    15.679 1  1
    19.825     8.090    16.028 1  1
    20.296     8.046    16.373 1  1
    20.294    16.528     7.195 1  0
    20.492    16.745     6.806 1  0
    20.190    17.078     6.655 1  0
    19.792    16.940     6.943 1  0
    19.352    16.638     6.983 1  0
    19.068    16.354     6.897 1  0
    18.839    15.898     6.653 1  0
    18.931    15.432     6.458 1  0
    18.605    14.991     6.639 1  1
    18.635    14.670     7.114 1  1
    18.754    14.352     7.586 1  1
    18.905    14.137     7.431 1  1
    19.217    13.715     7.259 1  1
    19.713    13.710     7.263 1  1
    20.171    13.830     7.595 1  1
    20.369    14.028     8.088 1  1
    20.688    13.979     8.272 1  1
    21.058    13.725     8.355 1  1
    21.492    13.323     8.512 1  1
    21.644    12.875     8.620 1  1
    21.928    11.496    11.802 1  0
    21.599    11.267    12.030 1  0
    21.278    11.272    12.171 1  0
    20.900    11.478    12.147 1  0
    20.710    11.733    12.141 1  0
    20.440    12.196    12.135 1  0
    20.678    12.411    11.987 1  0
    20.868    12.442    11.487 1  0
    20.947    12.400    11.150 1  1
    20.917    12.403    10.693 1  1
    20.837    12.201    10.193 1  1
    20.870    11.898     9.942 1  1
    21.191    11.504     9.753 1  1
    21.482    11.248     9.478 1  1
    21.893    11.201     9.174 1  1
    22.099    10.917     8.898 1  1
    22.132    10.438     8.971 1  1
    22.116    10.092     9.322 1  1
    22.121     9.921     9.750 1  1
    21.819     9.670     9.898 1  1
    27.542     8.406    11.900 1  0
    27.403     8.269    11.562 1  0
    26.998     8.208    11.310 1  0
    26.641     8.347    11.096 1  0
    26.172     8.364    11.098 1  0
    25.957     8.342    11.642 1  0
    25.675     8.011    11.934 1  0
    25.371     7.701    12.185 1  0
    24.896     7.711    12.467 1  1
    24.396     7.910    12.805 1  1
    23.930     8.291    12.980 1  1
    23.622     8.472    12.975 1  1
    23.134     8.543    13.133 1  1
    22.661     8.586    12.845 1  1
    22.293     8.836    12.747 1  1
    21.970     9.248    12.916 1  1
    21.663     9.437    13.181 1  1
    21.577     9.698    13.284 1  1
    21.609    10.231    13.179 1  1
    21.687    10.697    13.083 1  1
    13.208     5.562    14.924 1  0
    13.485     5.742    14.747 1  0
    13.879     5.599    14.490 1  0
    14.165     5.257    14.405 1  0
    14.639     5.279    14.339 1  0
    14.965     5.293    14.107 1  0
    15.228     5.224    13.864 1  0
    15.350     5.090    13.563 1  0
    15.265     4.912    13.178 1  1
    15.220     4.323    12.942 1  1
    15.281     3.949    12.721 1  1
    15.107     3.474    12.611 1  1
    14.931     3.329    12.095 1  1
    14.639     2.993    11.639 1  1
    14.321     2.626    11.568 1  1
    14.213     2.142    11.600 1  1
    14.162     2.050    12.030 1  1
    14.322     2.349    12.406 1  1
    14.800     2.469    12.640 1  1
    15.090     2.323    12.973 1  1
    29.959     9.342     6.179 1  0
    29.621     9.623     6.283 1  0
    29.229     9.789     5.979 1  0
    29.069     9.971     5.711 1  0
    29.026     9.787     5.325 1  0
    29.278     9.777     5.006 1  0
    29.507     9.756     4.765 1  0
    29.319     9.869     4.346 1  0
    29.294     9.287     4.303 1  1
    29.327     9.036     4.800 1  1
    29.221     8.790     5.125 1  1
    29.206     8.304     5.187 1  1
    29.059     7.950     5.341 1  1
    28.575     7.882     5.528 1  1
    28.220     7.844     5.741 1  1
    27.780     7.952     5.993 1  1
    27.555     8.412     6.208 1  1
    27.554     8.912     6.553 1  1
    27.697     9.093     6.166 1  1
    27.631     8.803     5.826 1  1
    24.693     2.113    10.152 1  0
    24.354     1.631    10.083 1  0
    23.965     1.623    10.230 1  0
    23.463     1.668     9.965 1  0
    23.312     1.986     9.812 1  0
    23.235     2.282     9.537 1  0
    23.185     2.629     9.194 1  0
    22.794     2.655     9.167 1  0
    22.735     2.650     9.577 1  1
    22.614     2.106     9.874 1  1
    22.850     1.862    10.237 1  1
    23.143     1.542    10.394 1  1
    23.273     1.035    10.556 1  1
    23.388     0.724    10.626 1  1
    23.752     0.795    10.893 1  1
    24.123     1.081    11.255 1  1
    24.396     1.523    11.407 1  1
    24.752     1.862    11.260 1  1
    24.900     2.014    11.562 1  1
    24.914     2.146    12.032 1  1
    19.210    13.246    10.087 1  0
    18.988    13.039     9.713 1  0
    18.636    12.594     9.429 1  0
    18.250    12.630     9.475 1  0
    17.924    12.591     9.741 1  0
    17.817    12.118     9.651 1  0
    17.899    11.791     9.563 1  0
    17.883    11.801     9.183 1  0
    17.806    11.677     8.704 1  1
    17.918    11.329     8.214 1  1
    17.838    10.980     8.429 1  1
    18.168    10.727     8.532 1  1
    18.453    10.551     8.888 1  1
    18.882    10.503     8.932 1  1
    19.229    10.642     9.074 1  1
    19.652    10.732     9.058 1  1
    19.707    10.946     8.630 1  1
    20.117    11.215     8.730 1  1
    20.288    11.106     9.013 1  1
    20.340    11.217     9.451 1  1
