    1   1744.7    163.3   1286.5      0.0   7102.5   1349.7   5987.9      0.0    -28.0
    2   2812.9    328.8   2349.7      0.0   4440.7   1346.7   5987.9      0.0    -28.0
    3   3889.6    501.5   3525.6      0.0   3352.4   1345.5   5987.9      0.0    -28.0
    4   4958.2    646.1   4714.0      0.0   2812.1   1345.5   5987.9      0.0    -28.0
    5   5977.1    797.4   5909.2      0.0   2554.2   1344.5   5987.9      0.0    -28.0
    6   6998.4    933.2   7181.5      0.0   2495.6   1343.0   5987.9      0.0    -28.0
    7   7909.5   1117.1   8377.0      0.0   2455.9   1343.1   5987.9      0.0    -28.0
    8   8840.4   1287.5   9610.5      0.0   2390.5   1343.2   5987.9      0.0    -28.0
    9   9776.3   1463.7  10829.9      0.0   2377.0   1342.6   5987.9      0.0    -28.0
   10  10668.3   1625.2  12131.1      0.0   2345.4   1341.8   5987.9      0.0    -28.0
   11  11528.1   1799.6  13328.2      0.0   2377.9   1342.4   5987.9      0.0    -28.0
   12  12409.1   1993.7  14359.7      0.0   2340.6   1343.2   5987.9      0.0    -28.0
   13  13182.8   2176.7  15445.1      0.0   2309.6   1344.1   5987.9      0.0    -28.0
   14  13945.2   2353.7  16620.5      0.0   2279.3   1344.3   5987.9      0.0    -28.0
   15  14697.6   2522.8  17703.5      0.0   2264.5   1343.6   5987.9      0.0    -28.0
   16  15450.9   2702.8  18735.3      0.0   2285.9   1343.9   5987.9      0.0    -28.0
   17  16149.5   2879.9  19835.9      0.0   2247.7   1342.7   5987.9      0.0    -28.0
   18  16799.8   3062.1  20836.5      0.0   2252.9   1343.5   5987.9      0.0    -28.0
   19  17486.4   3270.2  21911.5      0.0   2334.4   1343.1   5987.9      0.0    -28.0
   20  18062.8   3457.5  22910.0      0.0   2307.1   1343.6   5987.9      0.0    -28.0
