    1   1711.0    154.7   1239.4      0.0   7263.9    193.2   6128.7      0.0    -28.0
    2   2708.5    311.1   2212.1      0.0   4577.4    192.6   6128.7      0.0    -28.0
    3   3832.9    464.8   3431.6      0.0   3488.6    192.3   6128.7      0.0    -28.0
    4   4938.9    626.7   4648.3      0.0   2942.7    192.1   6128.7      0.0    -28.0
    5   5979.4    787.0   5892.6      0.0   2614.8    192.0   6128.7      0.0    -28.0
    6   6964.1    965.6   7116.0      0.0   2489.0    192.3   6128.7      0.0    -28.0
    7   7973.9   1105.3   8427.3      0.0   2485.0    192.2   6128.7      0.0    -28.0
    8   8967.2   1269.9   9652.6      0.0   2465.1    192.2   6128.7      0.0    -28.0
    9   9949.5   1459.5  10926.3      0.0   2442.0    192.2   6128.7      0.0    -28.0
   10  10850.0   1634.5  12058.6      0.0   2374.5    192.2   6128.7      0.0    -28.0
   11  11741.9   1810.1  13183.8      0.0   2395.6    192.3   6128.7      0.0    -28.0
   12  12488.5   1978.1  14323.2      0.0   2383.8    192.4   6128.7      0.0    -28.0
   13  13277.3   2136.3  15510.7      0.0   2393.5    192.5   6128.7      0.0    -28.0
   14  14028.0   2326.1  16623.7      0.0   2313.4    192.4   6128.7      0.0    -28.0
   15  14821.2   2532.1  17750.9      0.0   2378.7    192.4   6128.7      0.0    -28.0
   16  15481.6   2701.8  18926.6      0.0   2282.0    192.3   6128.7      0.0    -28.0
   17  16144.0   2879.3  20001.8      0.0   2387.1    192.4   6128.7      0.0    -28.0
   18  16812.3   3109.5  21094.1      0.0   2309.1    192.2   6128.7      0.0    -28.0
   19  17477.5   3302.0  22090.0      0.0   2336.2    192.3   6128.7      0.0    -28.0
   20  18117.1   3466.5  23096.4      0.0   2386.1    192.3   6128.7      0.0    -28.0
