   1   20.27    2.32    0.96    9.48    0.08    0.04    9.48    1.04    0.23    1.00    1.04    0.10    1.00    1.04    0.03    1.00    1.40    0.08    0.00     NaN    0.00
   2   26.90    3.14    0.89    6.36    0.08    0.05    6.36    0.69    0.30    1.00    0.69    0.18    1.00    0.69    0.03    1.00    0.93    0.10    0.00     NaN    0.00
   3   35.23    3.14    0.83    4.60    0.08    0.04    4.60    0.63    0.37    1.00    0.63    0.19    1.00    0.46    0.04    1.00    0.61    0.12    0.00     NaN    0.00
   4   40.00    3.14    0.79    4.00    0.08    0.06    4.00    0.63    0.40    1.00    0.63    0.22    1.00    0.30    0.05    1.00    0.41    0.22    0.00     NaN    0.00
   5   40.00    3.14    0.75    4.00    0.08    0.05    4.00    0.63    0.38    1.00    0.63    0.21    1.00    0.20    0.09    1.00    0.27    0.33    0.00     NaN    0.00
   6   40.00    3.14    0.74    4.00    0.08    0.05    4.00    0.63    0.38    1.00    0.63    0.22    1.00    0.16    0.10    1.00    0.18    0.47    0.00     NaN    0.00
   7   40.00    3.14    0.74    4.00    0.08    0.04    4.00    0.63    0.34    1.00    0.63    0.21    1.00    0.16    0.11    1.00    0.16    0.51    0.00     NaN    0.00
   8   40.00    3.14    0.70    4.00    0.08    0.05    4.00    0.63    0.35    1.00    0.63    0.22    1.00    0.16    0.11    1.00    0.16    0.52    0.00     NaN    0.00
   9   40.00    3.14    0.67    4.00    0.08    0.05    4.00    0.63    0.38    1.00    0.63    0.24    1.00    0.16    0.09    1.00    0.17    0.51    0.00     NaN    0.00
  10   40.00    3.14    0.69    4.00    0.08    0.05    4.00    0.63    0.38    1.00    0.63    0.22    1.00    0.16    0.09    1.00    0.16    0.50    0.00     NaN    0.00
  11   40.00    3.14    0.64    4.00    0.08    0.04    4.00    0.63    0.40    1.00    0.63    0.21    1.00    0.16    0.10    1.00    0.15    0.49    0.00     NaN    0.00
  12   40.00    3.14    0.63    4.00    0.08    0.05    4.00    0.63    0.38    1.00    0.63    0.22    1.00    0.16    0.12    1.00    0.17    0.54    0.00     NaN    0.00
  13   40.00    3.14    0.62    4.00    0.08    0.06    4.00    0.63    0.38    1.00    0.63    0.21    1.00    0.16    0.12    1.00    0.17    0.49    0.00     NaN    0.00
  14   40.00    3.14    0.63    4.00    0.08    0.06    4.00    0.63    0.40    1.00    0.63    0.25    1.00    0.16    0.10    1.00    0.17    0.51    0.00     NaN    0.00
  15   40.00    3.14    0.61    4.00    0.08    0.07    4.00    0.63    0.34    1.00    0.63    0.21    1.00    0.16    0.11    1.00    0.16    0.53    0.00     NaN    0.00
  16   40.00    3.14    0.59    4.00    0.08    0.05    4.00    0.63    0.38    1.00    0.63    0.22    1.00    0.16    0.12    1.00    0.18    0.45    0.00     NaN    0.00
  17   40.00    3.14    0.60    4.00    0.08    0.05    4.00    0.63    0.36    1.00    0.63    0.22    1.00    0.16    0.11    1.00    0.16    0.49    0.00     NaN    0.00
  18   40.00    3.14    0.60    4.00    0.08    0.06    4.00    0.63    0.38    1.00    0.63    0.21    1.00    0.16    0.14    1.00    0.18    0.48    0.00     NaN    0.00
  19   40.00    3.14    0.59    4.00    0.08    0.07    4.00    0.63    0.36    1.00    0.63    0.22    1.00    0.16    0.11    1.00    0.19    0.51    0.00     NaN    0.00
  20   40.00    3.14    0.56    4.00    0.08    0.05    4.00    0.63    0.36    1.00    0.63    0.23    1.00    0.16    0.11    1.00    0.17    0.48    0.00     NaN    0.00
